modellgb: 0.10514628562100588
modelada: 0.09399036481215656
modelcat: 0.09192428240248485
modellgbresample: 0.11542917733845699
modeladalgb:  0.11167300342642812
modellgb_old: 0.09655189785309062 
logreg_ensamble: 0.11579747238650047
avg_ada_cat: 0.08698
modelxgb: 0.09607095103478404
avg_lgbold_xgb_cat_ada: 0.08576021542338737
